001895 950
001805 906
000010 4
001288 635
000598 298
003009 1502
003700 1857
000051 26
002105 1052
002851 1426
003780 1901
002627 1317
002967 1483
006254 3137
005071 2527
002768 1382
004761 2378
000900 460
003963 2004
000325 172
000488 241
004641 2330
006271 3147
000828 420
004844 2421
000605 302
005152 2566
002339 1171
001048 537
000070 36
004467 2242
004900 2448
003040 1518
006988 3488
006418 3220
007386 3672
005245 2607
000502 246
003727 1871
000582 288
005719 2858
003922 1980
005263 2618
002989 1495
003243 1617
001366 676
000784 396
000764 388
003059 1525
001864 936
002067 1035
006687 3346
004500 2257
007167 3570
000067 33
003472 1735
006341 3185
002527 1268
001563 785
004184 2109
002808 1406
004346 2184
007024 3504
002610 1307
000857 436
004381 2203
001523 765
007335 3649
000144 82
005563 2778
001233 617
001539 771
004701 2354
002363 1183
005686 2841
001112 566
001159 581
003654 1832
005394 2681
003717 1865
001000 512
001819 914
004639 2329
006522 3266
005418 2701
006662 3334
001056 540
002515 1262
002776 1387
001529 766
004505 2260
004733 2366
006883 3432
003953 1998
003526 1762
002652 1329
005383 2675
006972 3479
003578 1791
005173 2573
001692 852
003983 2014
004208 2121
003498 1745
003569 1785
003196 1596
002790 1397
004382 2204
002542 1273
001651 827
000208 114
004741 2368
005550 2773
004014 2030
001611 805
000162 93
001433 714
002213 1109
001906 956
004193 2112
006479 3247
003342 1671
002426 1213
006400 3212
005171 2572
001964 988
006566 3287
005043 2516
003036 1515
002150 1075
005148 2563
002609 1306
001453 722
004707 2358
000743 376
001518 762
003270 1633
006015 3014
000497 243
000189 107
002788 1396
006076 3037
003505 1749
005270 2623
003906 1970
000549 270
004826 2410
003327 1661
004798 2397
004179 2104
006688 3347
006022 3020
004939 2466
005440 2714
003656 1833
004359 2192
003188 1591
004230 2131
007018 3501
006203 3105
001770 889
004841 2419
004123 2083
004767 2380
005455 2719
005569 2782
005286 2630
004446 2230
001060 543
006432 3228
006431 3227
005671 2833
002033 1020
000501 245
004024 2038
004595 2307
005564 2779
001679 844
003423 1709
006518 3265
001392 688
005374 2671
005442 2715
004890 2444
000808 408