002649 1327
000544 268
005679 2837
003201 1599
006134 3064
006000 3009
005500 2741
004180 2105
000662 330
007320 3642
001430 713
003020 1510
004878 2436
007241 3607
000549 270
003372 1685
007338 3650
002608 1305
003493 1743
003273 1635
006554 3282
006467 3244
003929 1984
002122 1060
003591 1799
000096 54
000797 406
003125 1562
005254 2613
007269 3620
003670 1840
001756 880
000484 239
005815 2912
003612 1812
000051 26
002223 1114
000054 27
001005 516
001819 914
006983 3484
000121 70
002784 1394
000552 272
003887 1961
005860 2938
006663 3335
004560 2289
006579 3293
005003 2495
007306 3634
004575 2296
005225 2599
004772 2382
004376 2199
006004 3010
001760 883
005721 2860
002940 1473
004328 2176
003540 1769
006428 3224
001215 610
003758 1888
002155 1077
007209 3591
002535 1270
001520 764
005850 2934
003227 1610
004252 2142
006757 3379
007297 3630
003968 2007
000935 479
004922 2459
004135 2087
004389 2207
005696 2848
006383 3203
003098 1548
005152 2566
006998 3493
000686 345
001791 899
000238 129
000743 376
006572 3290
006591 3299
002416 1210
000565 278
002238 1122
001418 705
000703 354
002561 1285
000990 504
002909 1454
007224 3599
004464 2240
007116 3545
004761 2378
000592 293
000155 89
004880 2438
002732 1367
005277 2625
001405 698
000518 253
007378 3670
005091 2535
003816 1920
004619 2320
000532 261
001341 664
004177 2102
003978 2012
006254 3137
002637 1321
000460 227
000007 2
000929 476
005046 2518
004075 2065
005215 2594
003189 1592
000638 318
006022 3020
005554 2775
004261 2146
000444 221
006690 3349
006920 3450
007332 3646
001464 730
002798 1401
007021 3503
006952 3469
003218 1607
007438 3693
005802 2905
003593 1801
005173 2573
000375 192
004201 2118
005331 2650
001826 916
001779 893
003845 1939
004459 2237
000865 441
006746 3375
005990 3003
003147 1570
001902 954
006271 3147
002975 1489
002162 1080
006748 3376
004827 2411
005508 2748
001496 750
003475 1737
006230 3122
003166 1581
001998 1004
000535 263
001459 727
002931 1467
005131 2557
006153 3076
000622 310
007239 3606
000210 116
005773 2889
002417 1211
004463 2239
001447 719
006545 3277
001571 789
007040 3509
002449 1227
003731 1874
001124 571
002406 1203
000709 357