004315 2170
001429 712
000375 192
004492 2252
001930 970
004356 2189
000712 360
003989 2018
002687 1349
000074 40
005320 2646
005436 2711
000951 487
004560 2289
000232 127
002475 1242
003376 1687
005863 2941
003963 2004
001460 728
004625 2323
006072 3035
000830 422
004594 2306
000987 502
006049 3026
005753 2875
001803 905
006501 3258
004969 2479
004332 2178
006672 3339
004466 2241
005402 2689
007189 3581
000577 284
006580 3294
002643 1324
000851 432
000501 245
003285 1642
003513 1755
000101 58
005622 2808
001612 806
004771 2381
003797 1912
005710 2853
005123 2553
000461 228
006986 3487
001341 664
005130 2556
004114 2081
005597 2793
003013 1504
006923 3452
005781 2896
004177 2102
005823 2915
005991 3004
002116 1057
003710 1862
005293 2634
005759 2879
001335 661
002949 1477
005561 2776
002482 1245
004978 2486
006932 3458
006543 3275
006821 3402
003743 1881
006359 3191
006601 3304
004518 2268
000044 22
006243 3131
005968 2992
004058 2056
006616 3312
006375 3199
001383 685
005868 2945
003971 2008
006539 3273
005960 2988
004984 2489
007454 3700
001622 810
002390 1195
002629 1318
006691 3350
001373 682
004181 2106
006256 3139
000665 333
002464 1233
002331 1168
002212 1108
004889 2443
002444 1223
004344 2183
003418 1707
003930 1985
005547 2770
000038 19
005046 2518
005097 2538
003459 1730
000056 29
001834 922
007441 3694
007301 3632
005527 2761
000483 238
003939 1989
004050 2050
003479 1740
003912 1974
006911 3444
007245 3609
001730 866
002610 1307
003261 1627
002659 1333
002533 1269
001956 982
006155 3077
000255 137
001001 513
002080 1040
003154 1574
005778 2893
003831 1929
006124 3059
004544 2280
002627 1317
005789 2898
005945 2979
003387 1695
006985 3486
002180 1089
003850 1943
003040 1518
005266 2621
006006 3011
006199 3102
004765 2379
003581 1793
002154 1076
003904 1969
006838 3412
006007 3012
003193 1594
004030 2041
002409 1206
001669 836
005824 2916
004840 2418
006428 3224
001048 537
002150 1075
002682 1346
001657 831
004616 2318
005411 2696
003160 1578
007446 3697
000633 316
006933 3459
003205 1600
000856 435
003727 1871
000903 463
005599 2795
004639 2329
001428 711
005690 2843
000901 461
007251 3613
007046 3513
003612 1812
002778 1389